20
249718282 93729
1 5 6 999917908
22 21
1 4 869 22
840698758 13331
8 7 10 999955808
98 59
6 30 524 98
497151700 96511
9 7 6 999919625
1000000000 100000
1 1 1 1000000000
1000000000 100000
99999 1 99999 100000
164 96
76 2 193 164
220 88
1 8 3 58265
186 75
68 16 539 186
1000000000 100000
1 1 0 2
232959116 56689
4 9 1 999903057
640834505 28785
3 9 1 999946125
1000000000 1
12 7 74 12
1000000000 100000
999999999 1 999999999 1000000000
714311129 39521
9 5 9 999998192
73 26
5 8 4 54214
137 49
48 17 461 137
46 18
7 11 9 46
28 21
6 5 1 85919
